[....##] (0,5) (0,2) (0,2,3,4,5) (0,2,4,5) (1,2,3,4,5) (0,1,4,5) (1,4,5) {61,15,50,14,45,50}
[####] (1,2) (0) (1,3) (0,3) {6,25,12,16}
[.#.....##.] (1,2,3) (0,3,8) (0,1,2,3,6,8) (0,1,3,5,6,7) (5,7,9) (0,4,5) (0,3,6,7,9) (1,2,4) (1,2,3,4,7,8,9) (0,5,6) (0,8,9) (0,5,6,7) {104,58,43,67,28,61,64,58,46,42}
[..###] (0,1,3) (0,1) (1,4) (0,2,4) (4) (1,2,4) {19,15,32,0,46}
[.#....#.] (4,5,6) (0,2,4,5,7) (0,1,3,4,6) (1,2) (0,1,2,3,4,6,7) (1,2,4,5) (2,4,6) (0,1,2,7) {36,36,49,25,62,28,50,29}
[..#...] (0,1,4,5) (0,1,2,5) (2,3) (1,2) (0,2,4,5) (0,2,3,4,5) (0) (3) {194,177,60,39,175,185}
[..#....#..] (3,6,7,8) (0,1,6,7,8,9) (3,4,5,6,7) (0,1,2) (4) (1,4,5,6) (0,1,4,5,8) (0,1,3,5,6,7,8,9) (2,3,4,5,7,8,9) (1,2,3,4,5,9) (4,7,8,9) {40,68,37,52,64,55,55,71,71,68}
[##...] (0,2,4) (2,3,4) (3,4) (1,2,3) {6,5,17,22,23}
[..##..] (0,3,5) (0,2) (0,3,4,5) (0,3) (0,1,2,4,5) (1,3) (1,5) (0,4,5) {45,40,36,23,25,34}
[#.##] (0,1) (0,2) (0,1,3) (1,2,3) {27,27,10,15}
[.##.##.] (0,3,4,5) (2,3,4,5) (0,1,2,4,5) (1,3,4,5,6) (0,1,2,3,5,6) (0,2,3,5) {26,28,29,52,54,60,20}
[#....#] (0,1,3,4,5) (1,3,4) (0,1,5) (0,1,2,5) {41,60,15,27,27,41}
[.#..#..#..] (2,3,6,7,9) (1) (7,8) (0,1,2,4,5,8) (0,1,2,3,4,5,6,9) (0,3,4,6,9) (3,5,6,9) (0,1,2,4,6,8,9) (1,4,5) (0,1,4,5,6,8,9) (0,1,2,3,5,6,7,8) (0,4,5,7) (1,2,3,5,8,9) {244,274,253,254,58,253,260,235,254,76}
[#..#.] (0,1,2,4) (0,2,4) (2,3,4) (1,2,4) (0,3,4) {17,14,28,20,39}
[#.##.] (0,1) (0,1,2) (0,4) (4) (2,3) (0,2,3) (0,3,4) {64,28,47,48,27}
[..##] (2,3) (0,3) (1,3) (1) (0,1) {21,37,13,22}
[.......#] (0,1,2,4,5,6,7) (0,1,3,4,5,6) (1,6) (1,3,4,5,6,7) (0,7) (0,2,4,5) (0,2,3,5,7) {37,47,29,18,47,47,47,31}
[.#.###.] (1,2,4,5,6) (3,4,6) (0,1,2,3,4,6) (0,1,5,6) (0,3,5,6) (2,4,5) (0,1,4,5,6) (5,6) (0,2) {42,48,45,35,75,59,77}
[.###] (0,2,3) (1,2,3) {18,8,26,26}
[#.###.#.#] (2,5,8) (2,4,5,6,8) (2,3,5,6,8) (1,4,5,6,8) (0,4,6,7) (0,1,2,4,5) (0,1,2,3,5,7) {31,22,59,19,41,59,38,17,37}
[.#..#...#] (0,1,3,4,6,7,8) (2,3,4,5,6,7,8) (0,3,4,5,8) (0,1,4,5,6,7,8) (5,6) (0,3,5) (0,1,4,6) (0,7) (0,2,5,6,7,8) {70,46,12,44,65,42,59,43,48}
[#...#.##] (0,5,6) (1,2,5,6,7) (2,4,7) (3,4) (1,7) (0,1,5,7) {30,36,26,149,164,41,21,51}
[#.####.#.] (1,3,4,6,7) (0,3,4,7,8) (6,7) (2,6) (5,6,7) (1,2,3,5,6) (0,3) (0,2,3,4,7) (0,1) (0,1,2,8) (1,2,3,4,5,7) {43,209,190,196,33,187,205,65,22}
[..#..] (0,1,3) (0,2,3,4) (3) (1,2,4) (0,1,2,3) {37,27,27,38,20}
[#.#.#.#] (3,4) (4,6) (1,2,3,6) (0,5,6) (0,4,5,6) (0,1,3,4,6) {16,24,12,26,37,4,48}
[..###..] (1,3,5) (0,1,5) (2,3,5,6) (1,3,4) (1,2,4,5) (1,2,3,4,6) (2,4) {14,156,42,153,137,49,32}
[.##..#] (0,1,4,5) (1,2,3) (1,5) (3,4) (0,2,5) (0,1) (1,3) (1,2,4) {17,51,15,28,25,21}
[##.###] (0,2,3,4) (0,2,3,5) (0,3,5) (0,1,4,5) (5) (4) (1,4,5) (0,1,2,5) {26,31,9,3,32,38}
[.##.] (1,2) (1,3) (0,2,3) {14,18,16,30}
[.#.#.#####] (0,1,2,4,5,7,8) (1,5,6,7,9) (0,4,7) (0,1,6,8,9) (0,2,3,4,5,7,8,9) (3,4,5) (0,1,2,3,6,7) (0,1,2,3,4,5,8,9) {86,66,53,238,244,242,48,71,54,59}
[...#] (0,2) (2,3) (3) (1,2) (0,1) {29,17,35,17}
[.#...] (2,4) (1,2,3,4) (1,2,3) (0,3) (0) (0,2,3,4) {17,26,46,40,40}
[##...#.] (1,3,5,6) (0,1,2,3,4,6) (0,3,5) (0,2,5,6) (4,6) (0,4,6) (0,1,3) (0) {35,23,16,25,23,24,45}
[.#.#] (1,2) (0,1,3) (2,3) {1,6,6,2}
[.#.#.#...] (1,2,5,6,7,8) (0,2,4,7,8) (2,3,4,5,8) (0,3,4,7,8) (0,1,2,3,4,5,7,8) (0,2,3,4,6) (0,1,2,3,8) {66,41,67,58,63,38,17,65,82}
[###.#...] (0,2) (0,1,2,3,7) (0,1,2,4,5,6,7) (1,4,7) (0,2,3,4,7) (0,1,2,3) (2,3,6,7) (1,2,5,7) (0,3,4,5,7) {211,53,218,182,193,31,14,207}
[##.###.##.] (0,3,5,6,8,9) (0,1,3,5,8) (0,1,2,3,4,5,6,7) (0,1,3,5,6,8,9) (0,2,3,4,6,7,8,9) (0,3,4,7,9) (4,9) (0,1,2,5,6,7,8) (0,2,3,6,7,8,9) (2,3,4) {84,44,45,95,50,54,54,39,70,56}
[.####.#.] (1,2,3) (0,1,3,4,5,6,7) (1,4,5) (0,2) (1,2,4,6,7) (0,1,2,5,6,7) (1,2,3,4,6) (0,5,6,7) {38,63,39,30,43,46,33,33}
[......#.] (2,5,6,7) (1,3,6) (0,3,4,6,7) (1,4,5,6,7) (4,6) (0,1,4,6) (0,1,3,4,5,6) (2,4,5,6,7) (0,4) {191,32,26,171,211,28,220,184}
[.###.#.##] (0,1,7,8) (3,8) (1,2,3,6,7,8) (0,2,3,6,8) (1,2,3,4,5,6,7,8) (0,2,5,8) (0,1,2,3,4,5,6,7) (0,1,4,5,6,7,8) {72,63,53,53,33,42,57,63,73}
[...###.##.] (0,1,2,3,4,5,7,8,9) (0,5) (0,1,2,3,4,5,6,7,9) (3,4,5,7,8,9) (2,3,4,6,9) (0,2,3,6) (0,3,7,8) (2,8) (1,3,4,5,6) {47,145,34,171,153,170,157,23,27,17}
[#.###.] (0,3,4,5) (0,2,4,5) (2) (2,5) (0,2,3) (0,1,2,3,4) (1,5) {44,19,68,32,32,49}
[...#..] (1,3) (2,4,5) (0,2,3,5) (5) (0,3,5) (0,5) {47,3,22,32,2,68}
[#..##.] (1,3) (0,3,5) (4) (0,2,3,4,5) (5) (1,2,3,5) (1,3,4,5) (2) {22,23,13,45,22,52}
[#..#.#] (3,4) (0,4) (0,3,4,5) (1,5) (2,4,5) (1,2,4,5) {8,20,12,0,20,23}
[.#.#.#.#] (0,1,2,5,6,7) (0,1,3,5,7) (0,1,3,6) (3,4,6) (1,2,3,4,5) (0,1,3,6,7) (0,6) (0,1,6,7) {254,260,28,250,34,227,74,236}
[#.##.##.#.] (4,6,8,9) (0,4,6,8,9) (6,8) (1,3,7,9) (1,4,6,7,8) (0,2,3,4,5,6,7,8) (1,2,7,9) (2,5,8) (2,9) (4,7) {17,40,190,25,55,10,55,59,55,213}
[.....#] (0,1,2,3) (0) (0,4) (3,5) (1,2,3) (2,5) (0,3) {33,24,29,43,13,21}
[.#.##..] (1,2,3,4,6) (0,4,5) (0,3,4) (1,3,4) (0,2,3,4,6) {16,26,19,38,42,4,19}
[##..#.] (0,2,3,4) (0,3) (1,5) (0,4,5) (3,4) (0,1) {35,35,2,14,15,28}
[##..##.] (3,4,5) (1,6) (0,1,2,5,6) (0,1,4,5) (0,3) (2,3,5) (1,2,6) {49,67,40,30,18,41,57}
[##...] (3) (1,2,4) (1,3,4) (2,3,4) (0,1) (0,1,3,4) {21,49,15,38,38}
[#.##.] (0,2,3) (0,2,4) (0,1,2,4) {29,8,29,11,18}
[##.###..#] (2,8) (0,2,3,4,6,7,8) (3,6,7,8) (0,2,3,8) (0,2,5,6,8) (0,1,3,4,7) (0,1,2,3,4,6,7) (1,3,4,5,8) (0,2,4,5,6,7,8) (1,3,4,6) (0,1,3,4,7,8) {214,201,72,237,220,34,71,196,223}
[##.#.#.#.] (2,3,4,5,6,7) (3,5,6) (0,4,5,8) (2,3) (3) (1,3,4,5,6,7,8) (0,3,4,5,6,7,8) {28,0,24,57,40,47,28,21,28}
[..#.#.##.#] (0,1,2,3,4,5,7,8) (0,1,2,4,6,7,8) (2,5,6,8) (0,1,2,6,8) (1,3,4,5,6,7,8,9) (1,8,9) (2,4,6,7,9) (1,2,3,4,5,6,7,8,9) {17,33,46,20,25,32,39,25,45,20}
[.#.#.#] (1,2,5) (0,1,2,4) (2,3) (0,2,3,4) {30,40,66,26,30,20}
[####..##] (0,1,2,3,6,7) (0,2,3,5) (0,3,4,5,6) (0,2,6) (0,2,4,5) (3,5) {72,20,64,57,24,53,46,20}
[##.#.##..] (2,4,5,6,7) (4,6,7,8) (2,4,6) (1,3,4,5,6,7,8) (1,2,4,6,7) (0,3,4,7,8) (3,6) (1,4) (2,3,4,5,6,8) (0,1,4,5,7) (1,7) {10,42,59,54,103,51,112,78,52}
[.#.##.##.] (0,1,3,4,6,7,8) (0,2) (0,1,3,4,5,6,8) (0,1,4,8) (1,2,4,5,6,7,8) (3,7) (2,3,4,5,6,7) (0,2,4,5,8) {64,39,30,24,55,18,23,26,54}
[#.#.] (0,1,3) (0) (0,2,3) (2,3) (0,2) (1,2) {36,28,39,18}
[..#...##] (1,2,3,4,5,6) (0,1,2,3,4,5) (0,4,5,7) (6,7) (2,3,6) (0,1,2,3,5,7) (0,2,4,5,6) (1,3,5,6) {45,167,47,173,30,182,160,37}
[.#..##.#] (0,1,3,5,6) (0,1,3,6) (0,4,5,6,7) (4,6) (0,2,6) (4,5) (0,3,6,7) (0,1,2,3,4,5,7) (1,2,3,4,5,7) {46,20,7,36,26,31,57,31}
[.##...###] (0,1,4,6) (2,3,4,6,7) (0,2,8) (0,4,6,7) (1,3,4,5,6,8) (3,4,8) (0,2,3,4,5,6) {30,34,22,37,63,16,60,25,21}
[####..] (0,5) (1,3,4,5) (1) (0,1,2,5) (1,2,3,4,5) (2,3,5) (2) {11,118,37,131,111,142}
[#..##.#.##] (0,1,3,4,6,7,9) (0,1,2,4,5,6,7,8,9) (0,1,4,5) (5) (1,8) (0,7,9) (0,1,3,4,6,9) (1,2,3,4,5,8) (1,2,3,7,8) {67,196,130,158,174,146,44,43,149,56}
[###..#.] (1,2,3,4,5) (4,6) (0,2,4,5,6) (0,3,4,5,6) (0,1,3,4,5,6) {31,12,19,18,49,34,46}
[###.#] (1,2,3,4) (0,1,2,4) (0,3) {24,21,21,31,21}
[###.] (0,1) (0,1,3) (1,2,3) (0,2) (0,1,2) {39,40,46,18}
[.###...##.] (1,4,5,6) (1,3,4,5,6,7,8,9) (1,2,4,7,9) (1,4,8,9) (0,1,2,4,5,7,8,9) (0,1,3,4,5,6,8) (0,1,3,4,5,6,9) (2,3,4,5,7,8,9) (1,5,6,8) (1,2,3,7,8) {18,66,30,44,77,54,36,33,56,54}
[.#...###.#] (0,2,4,6,9) (0,1,2,3,7) (3,4,5,6) (0,2,3,5,8,9) (0,1,2,4,5,6) (1,3,4,6,7,8) (0,2,3,5,6,7,8,9) (3,5,8) (5,8) (2,4,5,6,7,8,9) (0,1,4,9) {71,51,86,70,85,81,95,60,52,51}
[#.#.##] (0,2,4,5) (1,2,3) (1,4,5) (0,1,3) (0,1,4) (2,5) (3,4,5) {36,37,33,38,58,53}
[....##..#] (0,1,3,4,5,6,8) (0,1,2,3,4,7,8) (3,4) (5,6) (0,1,4,6,7,8) (0,2,3,4,5,6,8) (0,1,2,5,7) (1,4,7) {36,55,24,40,65,36,32,49,26}
[..##..####] (0,1,3,6,7,8) (0,1,2,5,8,9) (0,3) (2,3,6,7,8,9) (2,4,5,8) (0,2,5,6,7,9) (0,2,3,6,8) (4,7) (1,2,5,6,7,8,9) (1,2,3,5,8) (3,6,8,9) (0,1,3,5,6,7,8,9) {53,186,180,204,24,184,72,68,219,49}
[.###.#.] (0,1,4) (3,5) (0) (1,2,3,4) (1,2,3,4,5,6) (1,2,5,6) (3,4) (4,6) (0,1,3,4,6) {24,50,35,36,51,22,28}
[##.####.##] (1,3,4,7) (1,2,3,5,9) (3,4,5,6,7,8) (0,1,2,3,4,7,8,9) (1,3,6,7,8) (1,2,3,4,5,6,7,8,9) (1,2,4,6,9) (0,1,3,4,5,6,8,9) (5,8) {10,195,176,193,181,185,182,165,174,184}
[####....##] (1,2,4,9) (1,4,6) (3,4,7) (2,3,4,5,6,8,9) (3,5) (1,2,3,4,5,6,8,9) (3,4,7,8,9) (0,1,2,5,7,9) (1,7,9) {20,47,34,40,43,34,17,61,34,69}
[....###...] (0,4) (0,1,3,6,7,9) (0,1,2,4,6,8,9) (0,1,2,3,5,6,8) (1,2,4,5,6,7,8,9) (2,3,6) (0,2,6,8,9) (2) (1,2,3,4,6,9) (1,2,3,4,5,6,7,8) (6,8) (0,2,3,6,7,8,9) {252,254,272,239,67,217,293,47,264,66}
[#.###.##.#] (1,2,3,4,5,6,7,9) (4,5,7,8,9) (1,2,3,4,5,6,7,8,9) (5,6) (1,2,3,4,5,6,8) (1,2,4,6,7,9) (0,1,6,9) (0,7) (3,4,5,6,7) (2,4,5,7) (5,6,8) {30,45,44,30,58,76,84,74,27,49}
[.#.#] (0,3) (2,3) (1,2) {18,20,29,27}
[....##..#.] (7) (4,9) (0,1,3,4,5,7,8,9) (0,1,2,4,5,6,7) (0,1,4,7) (4,5,8) (1,2,5,7,9) (0,2,4,6,8,9) (1,5,8) (3,5,7,8,9) (0,2,3,4,5,7,9) (0,2,3,5,6) {32,41,39,36,58,83,12,67,44,63}
[#.###..] (4) (0,5,6) (0,1,2,3,4) (0,1,5) (0,3,5) (2,5) (0,1,2,3,6) {33,24,25,25,15,24,13}
[#...#] (0,4) (3) (2,3,4) (1,2,3) (1,3) (0,1,3) {28,36,13,49,19}
[..#..#.#] (0,3,4,5,7) (3,5) (5,6) (0,2) (2,3,4) (1,6) (3,4,5,6) (0,1,2,6) (1,4,7) (0,1,2,5,6,7) {32,42,47,136,27,149,54,21}
[.#.#] (1,3) (0,2,3) {11,119,11,130}
[#####] (0,1,2) (0,4) (0,2,3,4) (0,1,4) (1,3) (2,4) (3) {29,21,25,38,30}
[.#...###..] (0,3,4,5,6,7,8,9) (0,5) (1,4,5,6,7,8) (0,1,3,4,5,7,8) (1,2,4,6,9) (1,2,4,5,7) (0,2,3,4,5,6,7,8,9) (0,1,3,7) (0,1,2,3,4,5,7,9) (1,2,5,6,8,9) (0,5,6,7,8,9) (0,1,3,5,7,8,9) {63,63,51,59,66,73,54,74,58,58}
[.##.#] (1,2,4) (0,2,3,4) (3) (1,2,3) (0,2,4) (4) (1,3,4) {143,26,167,31,169}
[..##.###] (2,3,4,5,7) (0,2,6) (0,1,2,4,7) (0,1,3,5,6,7) (4,5) (1,2,3,4,5,6,7) {29,27,55,36,55,54,39,42}
[##...] (0,1) (0,2,3) (0,1,3,4) (1,2,3) (1) {23,143,118,131,13}
[##.#..] (1,3,4) (2,3,4) (0,4) (0,1,2,5) (1,3,5) {25,17,199,198,210,13}
[#.#.##..] (0,1,4,6,7) (1,6) (0,5,6,7) (0,3,4,5,7) (0,2,6,7) (4,6,7) (1,3,4,7) (1,3,5) (0,3,4,6) (0,1,2,3,4,6) {176,168,30,60,168,33,189,166}
[###.] (0,1,2,3) (0,1,2) {17,17,17,8}
[.#.##.] (0,1,2,3,5) (3,4) (1,2,3,4,5) (0,3,5) (0,1,3) {35,34,23,45,10,34}
[.#.......] (1,3,4) (1,2,3,5,6,7,8) (2,3,4,5,6) (2,4,6,8) (1,2,3,4,6,7) (1,2,4,5,7) (0,2,4,5,6,7,8) (0,2,3,4,5,6,7,8) {206,34,254,53,258,241,246,225,230}
[###.#.#.] (1,2,3,4,5,6) (0,1,2,3,4,5,6,7) (0,1,2,3,6) (1,3,4) (0,2,3,4,5,6,7) (0,1,3,5) {148,179,31,179,42,166,31,11}
[...##.] (0,3,4) (0,3) (1,5) (1,4,5) (0,1,2,4) (0,4) (4,5) (2,5) {45,30,15,27,44,47}
[#...#] (0,1,2,3) (3,4) (0,2,3) (0,1,3) (0,1) (1,4) (2) {34,34,34,37,19}
[#....#.##] (2,5,6,7,8) (4,6,7) (0,4,5,6,8) (1,5,7) (0,2,5,7,8) (2,3,4,6,7,8) (0,3,4,7,8) (0,1,2,5,6,8) {42,34,36,38,64,42,62,74,62}
[..#####.] (0,2,6) (0,1,3,4,5,6) (0,4,5,7) (5,6) (3,6,7) (3,4,6,7) (2,4,6,7) (0,2,3,5,6) (4,5,6) {54,15,39,56,57,48,94,44}
[.#..#..#] (0,3,4,5,7) (4,5) (1,4,6) (0,1,2,3,4,5,7) (0,1,2,3,6) (0,1,2,6) {61,67,50,43,65,48,50,28}
[..##....#] (0,2,3) (0,5,8) (0,1,3,5,6,7,8) (0,1,2,3,4,6,7) (0,1,7,8) (2,3,4,5,6,8) (1,2,4) (2,3,8) (2,3,7) {46,32,52,48,28,30,24,32,42}
[##.#] (0,1,3) (0,2) {26,16,10,16}
[###.] (0,1,2) (1,2,3) {0,2,2,2}
[####] (0,3) (0,1) (1,2) {23,23,12,12}
[.#...#] (0,1,2,4,5) (1,2,5) (3,5) (2,3,5) {5,12,24,21,5,33}
[#.#..##.#] (1,2,4,5) (0,1,2,3,7,8) (0,3,4,5,6,8) (3,4,7) (1,3,8) (5,6,8) (0,1,3,4,5,7,8) (0,3,4,7,8) (0,1,2,3,5,7,8) (1,2,5,8) {40,58,27,65,63,51,14,39,67}
[##.##...##] (0,1,2,4,5,6,8) (0,1,3,4,6,7,9) (1,6,7) (2,3,5,6,8,9) (3,5) (1,5,6,7,8) (1,2,7,8,9) (0,2,4,7) (1,2,3,4,5,6,7,8) (4,6,7) (2,3,4,5,7,9) (2,3,4,6) (2,5,6,7,8) {33,63,90,67,80,79,84,84,65,42}
[#..###] (0,3,4,5) (4,5) (1,2,4,5) (3,5) (0,2,3) {128,4,132,137,7,16}
[...##] (0,3) (0,1,2) (0,1,2,3,4) {125,19,19,114,8}
[.###] (0,2) (1,2,3) (0) (2,3) (0,3) (0,2,3) {177,13,171,32}
[.###] (0) (1,2,3) (0,3) (2,3) (2) (1) {10,25,17,22}
[...#] (0,1) (0,2) (3) (2,3) (1) {17,33,6,22}
[.##.] (2,3) (1,3) (1,2) (0,1) (0) {15,12,15,21}
[#...##] (0,1,4,5) (2,3,4) (3,4,5) (0,1,3) (0,1) (0,1,3,4) (0,1,2,4) (0) {80,60,32,41,63,19}
[..#.#.#..#] (0,2,3,9) (2,3,4,6,8) (0,3,4,5,6,7,9) (0,1,2,5,6,7) (1,3,8) (0,2,3,4,5,6,7,8) (0,2,3,4,5,6,9) (0,3,5,6) (1) (1,2,5,6,7,9) (0,4,5,6,7,8,9) (3,9) (3,4,8,9) {72,58,61,111,67,76,91,56,61,93}
[.#.#.##..] (8) (2,5) (4,8) (0,1,2,3,4,6,8) (0,2) (0,4,5,7,8) (5,7) (1,3,4,6,8) (2,3,7) (1,5,6,7,8) (1,2,3,4) {46,64,86,72,67,50,46,58,80}
[##...#.] (2,3) (0,2,3) (1,4,6) (0,1,5) (0,4,6) {30,35,14,14,20,17,20}
[#...#.] (1,2,3,5) (0,1,3,4,5) (1,3) (0,2,4,5) {26,43,27,43,26,39}
[.#.###.#.#] (0,1,2,5,6,7,9) (1,2,3,4,6,7,8,9) (0,1,2,3,6,7,9) (2,3,4,5,6,7,8,9) (0,1,3,4,5,6) (6,8,9) (1,2,3,4,5,6,7,9) (1,6) (0,1,3,4,5,6,7,8,9) (0,3,6) (1,8) (0,4) {69,96,63,94,63,64,131,76,62,87}
[#.##.##..] (1,4,7) (0,3,6,7) (0,1,4) (0,2,3,4,5) (5,6) (0,2,3,6,7,8) (0,1,7,8) (0,2,3,4,5,8) (0,1,2,3,5,6,8) (3,4,5,6,8) {62,21,49,58,39,42,41,30,54}
[#.##.] (0,1,2,4) (0,1) (0,1,3,4) (1,2,3) {29,30,10,21,29}
[#...##.] (3) (4,5) (0,3) (1,3,4) (0,2,3,4) (4,5,6) (1,2,3,5) (0) {19,19,3,38,39,20,10}
[#.##.#..#] (1,5,6,8) (0,3,4,5,6,7,8) (4,5,8) (2,3,5,6,7) (2,3,5) (0,1,4,5,6) (1,2,4,5,8) (3,4,6,8) (2) (0,7,8) {148,154,13,29,175,184,174,22,75}
[##..###] (0,2,3,4,5) (0,1) (4,5,6) (1,2,3,4) (3,6) (0,1,3,5,6) (4,6) {42,29,17,31,197,29,194}
[...#####] (0,1,3) (0,6,7) (2,3,5,6,7) (0,1,6,7) (1,2,5,7) (2,3,4,5,6,7) (0,2,3,4) {59,32,32,42,19,21,57,58}
[#...#.#.#.] (0,1,2,3,4,6,8) (0,5) (1,3,4,5,6,7,9) (0,1,3,5,7,8,9) (1,3,4,5,6,8) (0,1,2,7) (0,1,3,9) (1,3,6) (1,5,6) (0,1,3,5,9) (1,2,8) (0,1,2,4) {54,95,26,56,30,63,45,38,20,44}
[##.......] (2,4,6,7) (1,6) (0,1,3,5,6) (1,3,4) (0,1,5,6,8) (0,2,3,4,5,6,8) (4,7) (0) (7,8) (0,1,4,5,6) (0,2,5,6,7,8) {76,54,28,18,45,60,77,49,54}
[...#.#] (1,2,3,4) (0,1,2) (0,2,3,4) (0,1,2,5) (1,2,4,5) (0,2,3,5) {29,47,57,30,38,10}
[.#.#.##.] (1) (1,3,4) (0,1,5,6,7) (5,6,7) (1,7) (0,6) (1,4) (1,5,6) (2,4) (0,2,3,4,6,7) {21,47,8,16,29,34,54,29}
[#..###.#.#] (0,1,4,5,6,7) (1,2,5,9) (0,1,4,5) (0,3,8) (0,2,3,4,5,7) (0,1,3,5,6,7,8) (0,1,2,4,5,7,8,9) (1,2,3,5,6,8,9) (0,1,2,3,5,6,8,9) {217,100,72,174,59,112,48,58,182,60}
[##.##] (0,1,3,4) (0,2,3) (2) {17,9,19,17,9}
[.###...##] (0,4,5,7) (0,1,3,4,5,6,8) (1,3,5,6,7) (0,2,4,5,6) (0,2,6) (0,2,5,7) (0,1,2,3,4,5,8) (0,2,3,4,5,6,8) (0,1,3,4,5,8) {67,34,45,36,38,69,60,43,16}
[#..#..###] (1,2,3,4,5,6,8) (0,2) (0,1,2,4,5,6,7,8) (5,6,7,8) (0,4,5,7) (2,4,6,7,8) (1,2,3,5) (0,5,7) (1,2,3,4,6,7) (3,5) {38,31,56,36,50,62,50,51,44}
[.#.##.#] (0,1,2,3) (3,5) (2,6) (2,3,4,5,6) (1,2,3,4,5) (3,4) (0,1,4,5) (1,3) (1,3,4,5,6) {17,54,50,58,45,45,27}
[####..] (4,5) (0,3,4,5) (2,4) (0,1,2,3) (0,1,2,3,5) {17,9,10,17,11,10}
[.##...] (1,3) (0,1,2) (1,2) (0,2,4,5) (0,3,4,5) {45,35,31,33,29,29}
[......##.] (0,1,2,3,6,8) (6,7) (2,3,4,5,7) (0,2,4,6) (1,5) (0,1,2,4,5,7) (0,1,4,6,8) (0,1,3,5,8) {47,203,39,24,51,203,37,43,23}
[#..##.##.] (0,3,4,7) (1,3,5,6,7,8) (0,2,3,4,5,6,8) (0,1,5,6,7,8) (3,6,8) (1,4) (1,2,5,8) (0,2,4) (2,3,4,6) {42,130,35,157,41,140,170,134,154}
[.#.#] (0,1,3) (1,2) (2,3) {6,14,25,23}
[##.#.#..] (0,2,4,6) (0,1,3,7) (1,4,6,7) (3,6,7) (5,7) (0,1,2,4,6,7) {185,16,185,19,195,1,214,36}
[##.#...#] (0,2,3,4,5,6) (0,2,4,5,6) (0,1,3,4,6,7) (0,2) (0,1,2,3,4,5,6) (0,1,7) (0,1,4,7) {85,59,45,47,53,33,53,40}
[#####] (0,2) (0,1,2,4) (0,4) (0,3,4) (0,2,3) (3) {63,7,30,41,40}
[##.##..] (0,1,2,3,6) (0,1,2,5,6) (0,2,4,5,6) (2,4,5,6) (3,4) (3,6) (1,2,3,4,6) (2,6) {179,167,199,28,45,183,199}
[#..##.#.##] (0,1,2,3,5,7) (0,1,2,3,5,7,8,9) (0,1,2,4,5,6,8,9) (1,3,4,5,6,7,8,9) (5,7) (1,3,4,5) (0,1,2,3,5,6,7,8,9) (1,2,3) {39,60,58,53,9,51,10,44,22,22}
[####..##..] (1,2,4,6,9) (0,1,3,4,5,6,7,8) (0,2,7,9) (0,3,6,7) (4,6) (0,4,7,8,9) (0,2,3,7,8,9) (0,1,5) (1,3,7,9) (0,1,3,6,7,8,9) (5) {188,167,9,161,175,173,175,177,163,29}
[.#..] (1,3) (1) (3) (0,1,3) (0,1,2) (0,2) {17,32,16,12}
[###.] (0) (1,3) (1,2,3) (0,2,3) {26,26,32,45}
[...##.] (0,1,4) (1,2,3,5) (2) (0,2,3,4) (0,1,2,3,5) {42,55,57,42,23,37}
[.#..#] (1,4) (1,2,3) (0,1,2,4) (0,3,4) {16,5,5,19,16}
[..##...###] (0,2,4,6,7,9) (2,3,6) (1,2,4,6,7,8) (0,1,2,3,4,5,7,9) (0,2,6,7,8,9) (2,3,5,7) (0,2) (2,3,6,8,9) (0,1,2,4,6,7,8,9) (0,1,2,3,4,8) {56,40,99,57,45,14,63,54,60,39}
[#..##] (1,2,3,4) (1,2) (0,1,2,3,4) {18,50,50,34,34}
[#..#] (0,2) (1,2) (0,3) (2,3) {14,8,208,192}
[.#..#] (0,1,2,4) (1,2,4) (0,3,4) (1,3) (4) {16,29,26,10,48}
[..####...] (1,3,8) (0,1,2) (3,4,6) (2,3,5) (2,5,7,8) (3,4) (0,2,3,4,5,6,7,8) (4,5,6,7) (2,8) {29,13,236,54,43,43,32,27,213}
[.####] (1,4) (0,2,3) (2) (2,3) (1,3,4) (0,3,4) (0,1,2) {38,40,29,31,43}
[.#.#..###.] (2,3,4,5,6,7,8,9) (0,2,5,6,7,8,9) (2,5,6) (0,2,3,8,9) (5,6,7,8) (1,2,3,4,5,8,9) (3,4,7,9) (1,3,4,5,6,7,8,9) {37,20,56,59,41,53,39,55,70,78}
[##.##.###.] (2,5,6) (0,1,2,3,4,5,6,7) (1,2,3,4,7,9) (1,2,3,4,5,6,8,9) (9) (0,2,3,4,5,6,8,9) (0,1,5,8,9) (0,5,6,7,8,9) (0,1,3,4,5,6,8,9) (1,2,6,9) (0,1,4,7,9) (0,4,5,7) (8) {84,220,201,72,102,92,210,58,81,249}
[##..#...] (0,1,2,3,4,6,7) (0,1,3,5,6,7) (5,7) (1,2,3,4,6,7) (3,4,7) (1,3,5) (0,1,2,4,5,6) {28,34,32,32,45,22,33,36}
[.....###..] (1,2,3,6,8,9) (0,1,2,3,4,5,7,9) (2,3) (2,8) (6,9) (3,7,9) (0,2,3,4,5,7,8,9) (1,2,4,6,9) (0,1,3,5,6,7,8) (0,2,4,6,7,8) (0,1,3,6) (3,4,8,9) {41,55,67,60,48,40,42,45,32,65}
[.##..##.] (2,4,5,6,7) (1,2,3,6,7) (1,3) (0,3,4,6,7) (0,1,3,4,6,7) (0,1,2,7) (2,3,4,5) (1,4,5,6) (1,2,7) (2,4,5,7) {37,187,60,157,47,28,39,75}
[#.#..##] (4,6) (0,2,5,6) (0,5) (3,5) (1,5,6) (1,2,3,4,6) {121,21,24,25,11,153,42}
[..###.#] (2,4,5) (0,3,5,6) (2,3,4,6) (1,6) (3,4,5,6) (1,2,4,5,6) {9,32,35,22,48,57,54}
[##.....] (1,2,4,5,6) (1,5,6) (1,2,4) (0,2,4,5,6) (3,4,6) (3,4,5,6) (0,2,3,4) (0,1,4) (0,1,4,5,6) {61,77,50,33,102,62,77}
[.#...#...] (1,3) (1,3,4,6,8) (0,2,3,4,5,8) (0,5) (1,2) (0,2,4,5,7,8) (0,3,4,6,8) (0,1,2,3,4,5,8) (0,7) (4,5,7) (2,3,4,5,6,7,8) {61,31,39,45,75,68,23,45,58}
[##.#.####] (1,4,7,8) (5,7) (1,2,3,4,5,7,8) (0,1,2,3,4,6,7) (0,1,2,4,6) (7,8) (2,5,8) (0,1,3,5,6,7,8) (1,2,4,6,7) (3,6,7) {40,64,59,43,52,54,44,77,63}
[##.##.#] (1,2,3,4,6) (2,3,5,6) (0,2,3,5,6) (0,1,2,4,6) (0,1,2,4) (0,3,5,6) {20,7,26,28,7,28,34}
[....#.##.#] (8,9) (0,1,2,3,4,5,6,8) (0,1) (0,1,3,4,5,8) (0,1,4,6) (0,7,9) (0,2,3,5,6) (0,2,5,8) (4,6,7,9) (3,4,8) {81,33,36,28,41,44,43,35,39,40}
[##.##.#] (0,1,2,4,5) (0,1,4,5,6) (2,3,4) (2,3,5) (0,1,3,4,6) {33,33,57,48,52,42,14}
[.##.] (0,2) (0,1) (0,1,3) {146,132,14,11}
[..#.##.#.] (1,2,4) (0,1,3,4,5,6,7,8) (1,3) (2,4,5,7) (0,2,3,5,7,8) (2,5,6) (2,3,4,5,6,7,8) (0,1,2,3,4,5,6) {45,48,68,61,54,79,50,46,30}
[..##.] (1,2,3) (0,2,4) (3) (0,4) {120,9,120,22,120}
[#.#...#.] (0,4,6) (0,4,5,6) (0,1,2,3,6,7) (1,2,4,6,7) (2,4,5,7) (2,4,6) (1,3,6,7) (1,2,3,4,5,6,7) {7,17,33,12,28,14,27,30}
[#...] (1,2) (2,3) (0,1,3) (0,2) (3) {9,20,181,167}
[#.#.#..] (0,1,3,6) (0,1,2,3,6) (0,2,6) (3,5) (3,5,6) (0,1,4,5,6) {40,21,19,32,2,15,45}
[.....#] (0,1,3,4,5) (1,5) (2,3,5) (0,1,2,3,5) (0,1,3,4) (0,1,4,5) (0,2,3,5) {56,59,9,40,47,52}
[..#.] (0,1) (1,2) (2) (1,2,3) (1,3) {1,52,36,34}
[#..#.#.] (0,3,5) (0,3,6) (0,1,2,3,4,6) (1) (4,5) (1,3,5) (1,3,4,5) (2,4) {202,50,32,223,56,196,32}
[#.....##] (1,3,4,5,6,7) (0,6,7) (2,4,6) (1,2,3,4) (0,3,5) (0,1,2,3,5,6) {25,178,24,185,174,169,176,168}
[..#####.##] (2,7,8,9) (0,1,2,4,6,7,9) (1,2,3,4,5,6,7,8) (1,3,4,8) (3,8,9) (1,2,4,7) (0,1,2,3,7,9) (0,1,2,3,5,7,9) (1,7,9) (0,2,3,4,5,8,9) {121,156,148,157,49,20,23,151,63,159}
[..#.#.#...] (0,2,3,4,9) (0,2,3,4,5,8) (0,1,3,4,9) (1,6,9) (1,2,7) (2,3,4,5,6,7,8) (1,5,8,9) (0,1,3,4,6,7,8) (0,3) (0,4,5) (1,4,5,9) (0,1,2,3,4,5,6,8) (1,2,3,4) {57,84,40,75,83,46,49,29,45,50}
[.##..] (0,1,3) (0,1) (2) (2,3,4) (0,3,4) {169,167,29,167,14}
[##.....] (0,1,2) (0,1,3,5,6) (0,3) (0,3,5,6) (0,1,2,3,4) (0,3,6) (0,1,3,4,5,6) {74,39,11,74,27,34,47}
[####] (1,3) (0,1,2,3) {17,22,17,22}
[##.#] (0,1,3) (0,2) {14,1,13,1}
[.##.####] (0,1,2,4,5,7) (0,1,2,5,6) (1,2,3,4,5,6) (1,4,6) (3,4,6) (1,2,3,5,6) (0,1,3,5) {23,41,29,20,45,29,36,19}
[###.######] (0,1,3,4,5,6,7) (0,1,2,3,4,6) (4,5,6) (0,1,2,4,5,6,8,9) (2,3,7,9) (3,4,5,6,7,8,9) (0,1,3,5,6,8) (0,1,3,4,5) (1,3) (1,2) {44,54,5,69,43,61,52,27,40,20}
[.####.#] (1,2,3,4,5) (0,2,3,6) (1,6) (2,3,6) (0,1,2,3,6) (1,2,3,4,6) {13,186,190,190,176,169,31}