0:
###
..#
###

1:
..#
.##
##.

2:
##.
###
#.#

3:
###
.##
..#

4:
#.#
###
#.#

5:
..#
###
###

39x41: 21 29 30 36 23 30
39x37: 22 33 25 26 25 25
35x36: 38 28 29 41 25 33
38x38: 26 28 28 26 19 16
49x46: 51 61 74 57 45 60
49x40: 41 41 32 34 35 24
47x49: 52 67 67 52 58 60
46x37: 35 45 49 39 49 45
35x48: 46 38 43 40 46 44
46x48: 61 49 45 59 61 63
36x35: 23 22 21 22 19 25
44x47: 35 33 31 38 41 32
35x38: 36 33 33 29 38 35
40x42: 26 28 33 37 22 36
45x48: 48 46 60 70 60 48
37x50: 38 31 29 38 24 31
47x36: 45 44 60 38 37 36
36x36: 34 35 34 32 35 30
36x42: 34 22 27 26 32 26
50x36: 33 29 38 30 28 33
39x42: 33 29 29 29 31 31
41x45: 28 25 35 37 38 31
46x39: 36 47 49 43 41 60
42x45: 51 45 50 55 46 44
35x42: 28 45 46 41 37 32
42x50: 49 52 62 47 56 56
39x48: 45 56 50 50 50 40
39x35: 27 29 27 22 19 19
41x45: 24 37 34 38 39 23
49x45: 57 61 60 50 61 51
38x40: 37 24 24 25 25 20
39x44: 36 23 37 32 25 29
46x44: 39 32 39 30 29 40
43x41: 28 29 33 28 27 37
49x44: 58 44 55 57 60 55
38x46: 43 47 48 45 44 43
40x43: 50 42 45 48 46 34
46x47: 36 37 36 37 42 37
48x46: 67 62 60 52 50 50
46x36: 33 34 31 27 28 26
35x40: 41 42 35 32 33 34
44x44: 28 38 37 35 23 34
42x49: 66 45 46 56 44 58
47x37: 25 23 33 37 34 28
38x40: 34 36 39 45 46 34
45x43: 33 41 39 36 35 25
46x48: 44 38 37 41 40 39
46x46: 38 27 37 40 47 35
48x40: 48 43 49 43 47 63
47x37: 28 36 19 35 29 32
39x48: 35 43 31 39 28 31
45x36: 44 34 41 33 47 47
45x35: 37 40 40 44 45 37
41x42: 30 27 32 29 27 36
40x50: 37 51 56 52 53 59
42x37: 42 33 37 38 47 40
49x46: 62 52 61 54 56 60
50x36: 47 53 44 38 38 58
39x36: 42 43 26 33 31 43
43x35: 32 24 32 34 11 21
45x44: 49 59 57 43 48 50
38x49: 29 35 31 29 33 34
46x36: 23 32 30 40 35 20
41x42: 30 32 37 12 41 30
36x36: 19 25 27 21 23 29
49x42: 40 27 23 49 42 42
50x37: 44 57 40 51 49 47
42x46: 38 34 34 37 37 30
41x43: 40 48 49 35 50 49
44x50: 67 53 51 50 54 62
41x38: 26 24 37 20 27 21
45x49: 36 39 36 43 32 53
44x37: 49 41 45 44 35 37
43x35: 24 27 31 14 28 30
41x36: 28 36 38 38 39 48
40x38: 42 50 33 44 39 30
41x50: 52 49 50 48 63 52
45x39: 36 35 49 48 47 53
40x45: 39 54 46 42 52 46
47x48: 39 47 49 35 30 39
38x39: 42 27 41 43 29 44
47x49: 32 33 35 51 43 45
43x43: 43 27 30 29 36 30
50x44: 38 25 42 32 49 37
46x49: 58 43 62 66 63 52
44x40: 29 24 28 31 35 35
44x48: 40 32 39 30 41 42
35x44: 32 45 44 33 41 43
46x45: 45 58 55 58 41 64
40x49: 41 60 48 47 53 55
42x35: 28 21 23 26 27 29
43x48: 35 42 37 35 42 33
49x42: 45 47 44 57 50 73
43x48: 38 47 33 43 34 29
48x36: 35 29 30 42 26 29
50x43: 62 58 57 49 55 50
45x45: 45 36 31 43 43 26
35x47: 44 39 47 47 41 35
41x36: 30 27 27 32 21 18
45x35: 24 25 31 28 20 36
42x37: 22 29 29 26 27 35
37x37: 35 39 32 36 34 36
44x42: 48 49 47 53 46 43
46x35: 26 27 35 31 26 20
44x38: 31 28 29 27 23 29
47x41: 31 25 37 34 33 34
38x39: 38 31 37 36 45 39
48x40: 57 46 57 43 45 46
46x47: 37 42 30 36 37 42
41x37: 40 33 43 45 47 25
36x39: 23 24 32 27 25 24
48x44: 33 40 43 33 34 40
37x40: 26 28 28 27 21 26
46x46: 37 64 60 43 61 62
46x48: 40 33 33 38 48 47
35x41: 24 20 25 26 29 18
36x44: 30 32 29 25 33 19
38x49: 42 52 43 61 46 46
37x46: 51 42 42 40 40 46
37x47: 35 27 34 28 30 26
40x36: 33 32 37 33 35 50
37x35: 31 34 36 28 36 34
42x45: 47 42 50 47 63 40
47x50: 38 44 42 36 39 41
45x38: 26 32 22 27 35 37
46x40: 28 36 29 35 39 28
41x35: 40 42 35 27 36 41
45x48: 56 66 53 57 48 56
37x50: 28 26 37 35 37 29
36x42: 23 35 23 28 26 32
48x48: 40 41 49 38 45 43
37x48: 32 31 27 35 36 31
50x43: 64 57 50 59 52 50
45x45: 39 33 38 50 36 29
43x47: 49 64 53 48 57 43
39x45: 41 33 22 32 32 35
48x50: 47 40 45 34 37 53
40x41: 48 44 45 40 33 43
35x45: 29 33 25 22 28 28
42x44: 45 46 47 46 51 49
50x37: 46 49 54 51 43 43
45x38: 25 28 27 38 34 28
45x36: 41 42 41 45 48 33
38x44: 16 29 29 33 27 33
49x37: 27 38 31 30 33 33
49x41: 36 41 29 31 44 27
36x39: 25 30 20 32 23 26
38x35: 20 27 25 20 25 14
38x41: 25 31 28 23 20 29
45x37: 40 38 43 42 47 45
37x41: 20 29 26 28 27 26
36x50: 29 37 34 26 35 31
46x48: 62 58 48 53 65 54
44x44: 50 62 50 53 45 42
40x46: 25 39 32 37 29 32
44x36: 30 34 42 47 38 52
44x46: 36 39 34 30 32 38
50x39: 35 40 36 33 22 42
50x41: 48 56 67 48 56 41
48x46: 55 52 61 66 48 58
48x43: 34 47 46 36 30 30
44x37: 22 33 25 29 22 37
46x39: 42 39 37 43 47 66
47x50: 56 51 71 52 66 62
37x45: 29 28 49 47 52 48
38x50: 34 26 34 24 34 40
40x38: 43 28 38 38 41 43
50x50: 41 41 41 36 51 45
37x50: 42 42 54 52 41 53
46x36: 35 34 33 25 26 26
36x46: 34 38 44 43 44 51
49x47: 54 41 38 34 39 33
44x45: 36 41 29 40 34 30
46x48: 44 42 38 42 33 40
36x36: 22 25 15 35 23 23
42x43: 44 36 44 53 43 56
37x48: 27 27 32 30 36 40
40x36: 30 30 23 35 19 18
36x46: 32 38 50 45 49 40
37x35: 26 23 23 17 23 19
40x43: 34 24 32 36 25 30
42x41: 39 47 35 45 45 55
41x49: 41 38 31 30 24 43
38x37: 49 20 32 35 31 45
47x49: 32 37 47 39 41 44
38x48: 47 45 48 44 50 46
48x44: 44 33 50 38 24 35
42x49: 43 30 35 44 37 34
50x47: 66 52 49 72 63 59
48x37: 27 37 31 40 28 28
48x50: 62 61 58 59 57 72
48x36: 42 21 27 28 42 32
37x40: 35 18 24 28 27 24
45x47: 52 50 56 57 46 64
46x48: 62 69 44 54 67 47
42x35: 36 29 42 37 37 43
47x44: 27 42 38 37 30 35
39x45: 47 51 29 51 43 52
41x49: 53 35 51 48 60 57
37x37: 37 31 42 29 40 30
36x45: 40 23 48 46 53 35
40x35: 31 25 30 23 18 15
46x48: 53 74 60 58 53 47
42x47: 57 50 64 38 52 41
35x50: 53 54 29 51 48 38
36x43: 37 39 38 51 39 36
44x38: 33 40 57 45 37 45
37x47: 40 37 36 47 51 55
35x45: 41 40 43 52 25 43
43x49: 59 54 53 52 55 51
43x46: 50 59 59 43 45 50
46x43: 35 35 43 29 39 28
48x48: 40 37 43 43 52 41
45x38: 37 28 34 16 34 30
36x45: 39 43 51 43 39 35
36x39: 39 38 33 36 43 28
50x38: 27 38 31 35 26 34
49x38: 39 34 42 30 23 23
45x43: 43 30 32 35 38 32
45x38: 29 32 30 31 26 31
48x45: 43 36 52 36 40 32
42x49: 38 37 37 34 36 41
38x44: 55 40 25 38 41 57
40x41: 43 51 45 34 39 42
40x44: 41 25 34 29 27 25
45x39: 41 27 24 37 28 37
40x49: 61 49 45 53 44 50
38x48: 44 34 27 37 27 23
46x41: 26 25 33 32 41 37
44x38: 44 38 47 41 37 49
42x49: 31 44 40 44 35 29
38x39: 33 40 36 33 47 39
37x37: 34 34 30 31 39 42
40x50: 40 37 32 27 36 35
48x47: 64 51 66 48 53 62
50x38: 38 29 27 26 29 43
35x45: 26 29 24 27 29 30
49x46: 35 39 49 39 31 46
42x35: 30 22 30 22 22 28
48x43: 67 52 59 48 54 37
46x48: 56 58 45 68 58 57
49x42: 39 35 21 39 45 45
43x50: 58 38 70 34 58 65
38x50: 27 37 31 36 30 31
49x46: 47 44 39 33 39 37
39x37: 39 34 37 35 41 35
36x49: 32 25 29 38 32 35
43x45: 47 40 50 49 57 52
44x44: 54 40 50 47 53 51
47x37: 51 37 56 40 40 41
48x49: 60 60 63 67 55 58
44x45: 49 45 57 49 47 56
43x35: 48 40 38 31 40 34
44x45: 54 58 40 50 54 51
36x48: 43 36 41 52 56 37
39x35: 20 31 23 18 23 27
39x41: 22 38 25 36 21 27
44x49: 35 43 39 40 33 34
45x44: 45 57 54 61 54 37
41x43: 26 30 26 38 27 34
47x46: 31 34 43 42 35 39
36x35: 33 24 27 27 42 38
35x49: 34 37 23 31 31 20
38x46: 28 30 32 27 34 28
36x39: 31 18 34 22 20 30
40x41: 28 25 28 35 28 24
50x38: 30 25 32 39 27 38
41x41: 49 44 41 48 40 38
45x44: 55 47 56 53 45 48
46x45: 28 31 37 42 47 39
35x49: 28 26 34 29 32 26
37x40: 35 22 23 20 32 23
40x41: 38 28 20 34 19 30
47x39: 45 47 51 38 50 50
35x41: 24 25 29 26 18 21
47x39: 48 40 42 58 40 54
45x44: 30 27 41 31 35 45
48x37: 49 40 50 39 44 49
40x48: 34 39 39 26 33 37
42x49: 40 37 54 58 63 61
38x39: 12 32 28 15 39 30
39x47: 45 43 42 53 59 40
43x46: 52 49 51 44 55 52
39x41: 28 35 30 21 23 31
41x42: 31 34 24 32 35 26
36x37: 27 36 34 36 29 44
41x48: 32 33 37 34 34 38
49x49: 39 61 42 36 43 34
37x46: 56 41 46 27 47 42
45x35: 45 46 35 26 41 49
48x46: 42 41 36 44 34 43
37x43: 33 35 29 22 18 31
40x45: 32 34 30 31 35 32
41x46: 31 31 35 27 41 29
36x44: 28 23 26 32 20 38
40x46: 34 30 44 31 30 25
35x43: 34 46 45 39 40 30
49x36: 44 47 50 51 46 35
38x41: 19 24 28 28 26 30
35x49: 54 40 48 37 41 42
42x47: 31 42 47 27 29 34
45x39: 54 37 39 44 49 45
47x43: 38 38 26 33 35 39
35x38: 36 39 32 32 32 35
41x39: 41 37 39 34 47 46
47x49: 43 58 36 38 32 33
46x37: 32 26 31 35 32 24
45x37: 27 22 48 31 26 26
49x48: 64 63 55 62 71 48
49x35: 55 45 35 49 39 42
37x46: 28 30 29 41 20 32
39x50: 46 52 45 52 41 65
40x38: 34 32 46 45 41 35
44x44: 31 34 21 41 37 31
50x35: 29 31 28 26 34 27
37x41: 28 27 15 27 28 31
41x38: 31 22 25 32 25 20
35x47: 30 20 21 33 28 32
37x48: 43 51 51 37 48 44
41x42: 51 30 50 43 41 46
43x48: 64 65 37 57 53 46
40x44: 32 23 30 23 38 36
49x38: 46 49 48 41 59 43
43x35: 35 22 21 33 20 22
40x35: 33 35 31 40 30 47
47x44: 47 53 53 51 54 60
41x39: 42 43 35 49 44 35
39x39: 27 23 32 32 21 34
43x45: 44 56 58 45 49 47
35x36: 20 16 26 26 27 17
41x40: 31 37 24 25 20 32
38x40: 34 22 25 23 22 29
42x46: 30 31 43 35 38 32
37x42: 42 58 47 29 21 46
37x41: 26 34 24 25 24 23
48x47: 47 49 31 41 47 25
41x36: 39 45 46 36 30 33
35x41: 21 22 16 17 38 29
37x36: 34 43 33 36 31 31
45x50: 42 43 45 38 43 29
43x39: 54 38 36 37 45 46
46x47: 53 59 52 56 58 56
38x42: 42 33 33 44 44 48
44x48: 45 35 36 36 38 33
46x47: 57 59 49 64 62 44
46x38: 20 29 38 30 24 38
46x47: 44 39 30 41 38 33
44x45: 36 33 39 34 34 34
39x50: 52 40 59 46 41 59
40x48: 53 55 36 54 52 48
39x36: 34 27 15 25 35 19
40x36: 35 37 43 30 39 37
37x42: 48 35 33 40 49 33
39x45: 23 34 33 29 32 44
36x46: 43 37 35 46 46 47
37x37: 30 33 48 34 34 31
50x45: 41 42 37 37 35 47
45x36: 39 36 43 48 44 39
50x41: 51 52 60 50 53 49
43x43: 47 49 45 54 40 51
47x40: 30 22 32 35 39 37
36x47: 38 41 45 58 36 44
48x42: 54 51 52 50 53 50
44x36: 44 38 35 47 39 41
47x46: 51 56 58 48 66 53
41x42: 33 51 51 42 48 42
36x35: 37 34 30 29 28 36
38x37: 34 41 39 37 32 35
40x42: 36 28 31 32 25 30
37x37: 34 40 33 34 34 37
50x45: 67 57 60 57 54 51
36x47: 49 48 39 36 43 46
40x39: 44 45 48 36 32 36
38x45: 30 30 28 30 29 33
40x36: 38 37 38 38 37 34
36x42: 32 32 29 28 17 30
42x40: 33 34 33 30 27 25
40x36: 39 37 40 32 33 40
36x41: 19 29 29 29 27 23
35x48: 31 32 32 26 27 27
43x48: 56 62 53 58 32 60
49x36: 36 33 34 22 28 38
38x40: 31 30 22 20 25 28
41x46: 35 29 37 22 39 33
39x50: 51 53 51 50 41 55
46x45: 32 42 32 35 41 43
42x47: 54 50 49 46 54 50
38x46: 48 36 36 54 47 47
50x45: 63 51 56 47 62 64
48x36: 34 28 28 37 34 30
39x40: 25 26 32 27 34 25
46x44: 36 29 24 38 44 39
50x39: 48 54 59 40 58 41
42x35: 40 38 43 40 41 25
48x50: 66 60 56 69 55 64
35x49: 49 51 42 51 38 36
43x40: 35 26 36 27 29 29
50x41: 38 41 35 33 22 39
44x37: 22 30 29 26 31 29
45x39: 35 42 33 24 33 27
50x35: 24 25 38 29 27 32
43x37: 38 33 52 43 41 36
42x35: 27 30 20 25 33 19
44x47: 42 36 30 43 26 32
37x49: 46 37 44 44 54 51
43x36: 39 43 37 36 44 40
42x48: 43 33 45 41 36 26
40x46: 34 31 33 32 34 31
37x37: 34 35 45 36 30 31
40x38: 34 33 31 15 17 25
42x45: 46 61 50 38 58 40
48x43: 53 49 62 48 48 56
49x40: 52 50 56 53 44 47
47x49: 66 60 56 60 54 59
39x48: 47 51 49 41 48 52
39x47: 48 47 53 46 43 45
47x41: 61 41 50 39 54 48
47x39: 52 43 44 45 45 52
41x42: 42 45 49 41 52 36
39x43: 32 26 27 34 31 31
46x44: 32 33 43 37 43 22
50x39: 41 35 27 35 33 36
40x47: 32 36 33 40 33 21
39x46: 27 41 34 28 27 38
46x44: 45 57 64 52 55 40
38x41: 36 44 41 31 34 54
40x50: 30 32 36 39 36 35
38x46: 37 56 55 41 41 42
40x38: 25 24 33 28 22 24
49x38: 47 42 59 47 34 56
44x45: 42 24 38 26 44 36
43x45: 37 41 21 39 38 34
50x46: 67 47 49 62 69 57
46x46: 46 35 35 38 32 38
41x39: 45 42 44 43 42 31
36x48: 41 44 54 44 38 45
46x40: 42 39 42 53 49 57
40x38: 27 23 35 21 24 25
42x36: 36 30 26 28 26 21
47x46: 32 43 32 35 42 40
40x49: 51 59 58 48 51 37
43x37: 27 25 30 32 23 31
35x36: 32 24 30 40 38 29
44x39: 27 38 40 23 26 28
35x38: 14 26 21 24 26 20
38x50: 57 51 52 46 39 48
40x39: 30 22 28 30 33 26
47x41: 48 53 46 51 51 49
49x45: 60 52 52 55 65 54
35x37: 23 19 25 13 28 23
49x35: 42 56 48 41 41 39
41x37: 31 19 30 29 22 24
50x42: 26 40 49 35 40 34
49x42: 35 36 39 48 28 38
46x48: 35 57 31 42 38 37
48x43: 34 32 32 37 39 50
36x41: 23 23 27 33 28 22
38x35: 22 17 20 22 28 23
41x48: 48 52 47 55 54 48
35x40: 22 19 21 32 25 24
36x40: 37 34 46 36 31 37
50x37: 21 32 35 29 40 34
50x48: 56 65 67 78 51 56
42x49: 47 31 38 30 37 41
47x36: 54 44 44 39 35 44
47x43: 31 35 43 40 23 38
48x49: 42 35 49 44 39 46
45x43: 30 43 26 38 38 34
41x36: 24 25 30 19 29 28
50x35: 46 45 43 48 44 44
42x37: 33 16 25 33 30 31
41x36: 39 29 42 46 38 32
47x40: 41 52 39 50 49 60
40x40: 40 45 42 36 35 49
45x40: 31 28 29 44 30 32
48x46: 57 58 46 68 65 48
46x40: 48 41 53 57 40 44
37x50: 37 30 37 35 28 25
45x45: 36 39 41 34 35 39
36x41: 23 29 25 26 35 18
40x50: 54 47 48 54 56 48
36x37: 35 35 31 38 36 31
42x39: 25 35 25 36 25 36
46x36: 42 44 46 45 45 34
44x46: 35 43 36 27 33 36
47x44: 39 38 34 30 37 31
44x36: 35 42 48 45 40 35
36x39: 45 25 35 35 32 41
36x45: 36 24 27 27 33 32
44x36: 33 36 26 20 26 27
39x47: 46 41 61 44 44 44
40x35: 29 25 23 18 26 21
38x44: 22 30 33 22 28 33
39x41: 25 35 26 23 29 31
42x40: 27 31 41 24 27 31
45x48: 40 52 35 39 31 43
50x41: 45 33 30 28 31 41
38x42: 31 25 27 24 29 31
36x37: 21 25 26 20 27 24
36x45: 41 38 37 51 39 44
45x44: 30 35 40 34 38 33
43x45: 32 34 36 40 29 39
48x35: 22 29 35 34 31 24
42x50: 44 30 47 27 37 38
37x49: 45 65 48 49 36 42
39x41: 44 39 41 35 46 40
39x50: 55 43 43 40 62 54
45x41: 36 27 32 32 35 33
45x47: 57 49 58 53 59 48
35x37: 33 17 22 14 21 24
45x48: 63 46 55 48 54 63
38x41: 24 28 26 29 27 22
49x42: 37 37 31 43 39 37
48x48: 50 37 40 40 43 46
46x50: 44 32 37 41 40 45
40x46: 36 32 28 42 30 26
44x44: 53 57 49 49 51 41
50x47: 51 58 73 65 51 64
38x42: 38 41 39 57 35 38
47x47: 56 56 51 58 47 72
43x36: 29 15 22 32 32 37
42x50: 26 42 34 39 31 52
35x45: 32 32 29 22 25 25
35x44: 44 36 47 37 29 43
36x44: 26 31 24 31 35 21
44x42: 44 46 45 66 41 45
39x42: 34 29 21 30 36 31
38x46: 26 32 37 26 31 28
50x47: 55 68 59 59 66 57
45x43: 29 41 37 37 29 36
47x42: 54 58 57 51 36 50
42x44: 50 47 48 45 53 41
43x36: 29 23 25 30 28 32
49x50: 48 59 49 29 32 38
35x35: 32 35 25 32 30 36
42x40: 37 51 54 35 39 44
41x42: 27 26 22 30 43 33
47x50: 45 41 38 34 41 40
44x50: 36 35 32 39 44 38
42x44: 38 34 32 28 33 31
46x35: 42 45 38 40 43 41
42x47: 29 41 40 35 34 31
44x45: 52 48 51 57 43 54
38x40: 20 26 30 24 33 22
41x44: 52 50 49 46 52 30
38x38: 27 34 39 46 37 40
35x47: 36 19 29 30 20 30
36x38: 18 34 17 23 29 23
48x35: 44 49 53 41 40 33
46x43: 37 33 36 37 36 31
48x49: 67 56 68 55 69 45
35x44: 41 33 34 43 41 44
44x50: 56 52 57 54 55 63
45x42: 42 34 39 36 28 31
48x43: 49 55 54 51 53 56
49x35: 29 26 33 26 25 36
47x48: 61 50 58 64 46 67
45x45: 51 57 51 49 41 64
45x45: 36 37 38 47 36 30
46x44: 55 54 59 56 42 47
36x35: 18 22 33 16 24 18
41x42: 30 28 30 28 32 33
43x44: 53 47 51 50 47 43
49x40: 33 29 39 28 34 44
38x44: 47 45 44 43 41 38
45x37: 34 27 29 24 23 42
38x47: 42 42 53 53 42 43
49x49: 54 74 60 68 62 56
47x40: 55 49 61 43 35 46
41x35: 23 21 19 28 21 31
37x38: 32 22 23 17 26 23
36x43: 27 27 29 18 34 33
35x38: 13 23 21 23 22 29
37x48: 32 27 38 35 26 34
45x36: 36 38 41 37 51 45
41x37: 34 32 30 35 55 45
41x50: 44 45 45 49 62 68
43x38: 39 39 46 42 39 46
44x35: 34 44 31 58 35 39
45x37: 47 40 42 44 49 34
50x36: 26 39 25 26 36 40
35x47: 27 31 22 27 28 30
41x48: 48 56 46 46 53 55
45x39: 39 21 36 23 36 40
49x41: 39 40 27 23 38 40
46x42: 33 39 30 25 40 43
48x47: 36 42 50 31 45 36
43x37: 39 39 35 51 40 42
45x42: 53 42 55 40 43 55
43x49: 63 63 41 54 57 49
46x45: 42 31 34 31 45 41
47x44: 33 31 39 40 30 37
48x42: 53 51 50 57 54 46
43x44: 35 23 31 39 37 31
41x44: 34 32 27 29 30 30
42x41: 33 43 41 65 48 38
44x36: 20 28 31 23 24 41
45x44: 48 24 35 30 43 29
43x50: 34 36 37 33 38 45
36x49: 37 29 29 24 34 38
38x35: 37 29 32 30 40 35
48x47: 34 46 34 36 46 44
41x44: 30 32 30 36 22 32
42x50: 43 40 29 38 34 39
41x41: 22 25 25 33 27 37
37x50: 46 30 33 25 29 29
45x35: 35 22 27 27 15 39
50x48: 48 50 38 37 43 39
50x47: 62 59 69 58 48 65
50x40: 36 34 32 27 42 37
36x50: 46 38 46 54 41 51
43x49: 48 47 58 44 62 62
44x50: 38 35 34 43 40 34
40x44: 42 39 45 56 46 43
46x47: 39 42 39 36 32 37
41x42: 34 27 37 23 30 30
36x47: 32 25 31 35 26 31
41x49: 38 36 30 39 30 35
44x50: 35 35 38 32 47 37
47x48: 52 62 58 67 56 55
49x38: 31 30 32 30 26 42
47x37: 49 39 45 50 41 43
49x42: 59 43 57 53 54 48
48x41: 27 26 27 47 34 47
39x40: 43 38 38 42 43 36
39x45: 43 36 44 40 48 56
48x36: 24 36 24 40 35 32
44x38: 32 24 20 34 34 23
43x47: 31 37 38 31 37 35
41x41: 43 54 36 43 47 39
39x40: 43 36 41 40 36 43
37x36: 26 28 16 25 28 20
35x41: 27 31 40 33 50 38
46x49: 55 55 53 63 62 59
40x37: 27 24 34 27 23 20
44x47: 62 64 49 48 53 45
48x35: 42 44 45 49 36 44
37x40: 37 38 42 37 39 35
46x50: 38 42 38 47 41 33
49x47: 67 52 67 54 59 53
36x36: 33 23 35 34 39 33
38x40: 29 29 31 20 30 17
38x36: 30 27 24 25 18 20
42x42: 41 43 47 52 37 52
46x36: 34 32 24 30 34 25
46x48: 56 57 62 49 61 54
35x45: 23 30 23 25 27 36
45x40: 26 37 28 41 28 34
46x38: 39 30 43 52 50 52
44x40: 51 44 49 40 33 53
46x37: 23 31 27 34 31 33
41x42: 35 34 31 23 32 26
49x35: 39 42 37 55 53 39
41x45: 34 34 25 31 43 27
49x48: 63 51 70 65 54 57
44x49: 56 55 60 50 61 49
40x38: 27 24 32 23 22 28
41x39: 44 35 39 44 36 47
46x37: 38 30 27 22 35 27
38x46: 40 36 45 54 53 40
35x46: 49 44 47 23 42 41
44x41: 46 60 44 49 46 37
49x45: 35 37 40 36 40 51
39x46: 30 29 34 34 32 35
45x46: 51 46 61 55 51 53
47x50: 48 59 62 70 64 60
45x44: 46 35 39 37 26 27
36x48: 54 40 46 46 39 40
41x49: 34 27 32 37 39 39
47x40: 38 44 50 52 49 56
41x38: 42 47 39 41 38 35
45x42: 47 48 57 42 43 53
50x43: 54 62 50 62 55 51
45x47: 40 56 55 47 61 66
49x45: 45 68 51 73 56 52
43x42: 33 34 26 31 36 35
40x50: 32 36 36 29 41 33
38x46: 49 38 44 44 47 45
50x50: 62 67 63 65 56 73
43x37: 25 29 27 29 29 28
42x46: 36 36 36 32 41 28
39x39: 33 31 26 33 23 22
47x49: 52 28 39 40 38 42
39x47: 42 55 44 51 52 41
42x43: 36 22 41 34 32 30
38x39: 28 24 22 31 27 24
41x39: 28 35 32 20 31 23
47x37: 29 29 31 24 27 40
42x40: 36 20 29 38 25 33
36x35: 27 24 42 40 32 28
41x35: 15 26 30 22 28 21
35x49: 51 41 40 49 37 46
45x45: 56 58 55 48 52 44
47x41: 49 55 53 48 54 39
38x41: 25 28 27 28 18 29
44x49: 32 38 29 39 39 46
40x38: 28 21 23 28 25 30
47x50: 70 57 50 55 58 70
49x50: 52 36 37 60 40 31
36x43: 49 47 33 29 47 34
45x39: 41 26 25 29 34 39
46x50: 32 36 37 45 49 41
38x40: 37 46 44 45 26 39
39x43: 39 40 44 40 45 49
37x50: 29 29 38 24 34 37
42x36: 26 26 25 29 32 30
44x43: 22 37 32 42 27 35
50x42: 32 33 39 41 29 50
37x48: 46 53 46 40 46 44
50x36: 36 57 47 45 49 46
41x48: 37 31 40 37 29 33
36x36: 31 36 35 24 35 38
42x43: 45 52 38 49 52 44
45x39: 29 25 30 38 42 30
46x39: 37 46 55 37 54 46
44x38: 26 38 31 25 25 22
35x46: 48 33 48 44 46 27
37x39: 34 20 29 30 24 18
45x45: 28 38 59 35 33 31
47x39: 42 39 27 33 24 29
43x39: 39 51 40 46 48 37
40x46: 42 44 45 51 53 48
49x38: 55 37 51 50 48 43
35x40: 42 39 29 31 39 36
41x47: 29 34 36 30 37 29
35x45: 19 34 31 22 31 27
48x50: 37 43 49 39 34 54
50x36: 35 32 25 38 34 27
37x49: 42 43 34 59 53 49
40x47: 37 28 30 32 33 35
45x46: 37 39 33 37 45 33
48x38: 43 47 47 46 46 52
42x43: 31 33 32 32 34 34
44x47: 63 52 55 45 50 52
39x42: 26 32 33 33 29 28
42x41: 51 44 43 35 45 46
42x36: 33 28 23 27 25 31
49x44: 33 43 38 25 48 36
40x41: 38 40 42 48 42 43
44x39: 33 30 23 30 37 28
42x36: 45 36 37 37 36 41
38x48: 27 29 40 34 29 32
35x42: 32 28 22 22 33 17
43x44: 47 60 44 38 58 46
45x35: 31 30 26 27 26 24
43x38: 36 51 44 46 41 37
38x50: 34 37 34 31 24 31
43x48: 30 45 50 34 35 30
37x42: 28 29 35 22 25 28
45x49: 35 44 39 44 37 41
41x50: 40 43 36 22 36 30
49x44: 71 59 51 47 46 58
47x36: 41 42 39 43 46 49
40x49: 50 58 44 50 50 52
44x40: 26 27 28 39 31 31
46x50: 39 36 44 41 37 43
39x45: 35 31 27 32 36 33
47x46: 43 51 31 30 34 35
40x39: 49 43 38 32 44 34
44x43: 41 21 42 31 29 31
39x50: 43 39 29 29 33 35
50x42: 38 37 36 41 35 37
39x41: 30 24 30 32 25 28
43x35: 52 45 35 33 32 36
41x35: 31 24 18 21 22 26
40x42: 46 42 36 53 46 37
43x43: 31 26 42 35 30 32
39x47: 38 48 62 50 46 39
46x50: 36 41 45 30 49 39
44x44: 28 41 35 38 31 23
39x36: 26 28 32 24 27 19
36x45: 30 26 30 30 40 24
39x46: 52 53 40 51 45 38
41x50: 57 53 55 41 58 50
37x42: 22 20 33 36 31 25
49x44: 32 42 27 50 35 37
35x44: 37 31 37 49 35 47
36x39: 23 31 18 30 31 22
49x42: 44 59 60 47 50 58
46x39: 21 34 36 40 29 35
47x46: 36 44 28 45 34 37
36x48: 33 30 28 35 37 28
47x41: 44 32 34 24 26 35
35x35: 33 32 27 31 34 32
43x39: 42 45 45 43 41 43
40x45: 43 52 50 54 44 37
50x38: 56 40 50 40 44 59
41x36: 44 41 32 37 41 33
42x50: 55 54 56 59 52 48
47x46: 44 30 37 38 37 39
37x38: 28 19 22 35 20 19
39x49: 42 46 47 46 51 61
36x39: 33 32 28 12 26 25
42x50: 55 50 50 60 59 49
41x44: 31 35 37 31 26 21
38x42: 38 28 22 29 24 26
48x44: 37 37 33 49 32 35
44x38: 33 32 31 26 23 22
37x42: 23 25 29 23 32 35
35x39: 45 28 36 34 30 35
46x42: 42 49 49 47 59 51
47x47: 37 43 38 46 30 31
43x49: 45 35 33 36 35 39
46x47: 42 40 40 27 37 38
48x37: 50 37 53 45 48 38
39x35: 24 41 41 35 35 36
48x38: 43 47 51 41 41 57
38x43: 44 39 33 44 44 47
42x38: 40 43 36 51 42 36
48x50: 43 36 42 39 40 56
44x47: 53 49 59 44 66 45
35x50: 48 59 36 33 53 43
49x36: 46 30 26 33 28 29
46x35: 35 26 24 25 26 29
36x47: 38 48 41 37 50 47
48x40: 37 31 39 29 36 35
37x47: 39 21 22 27 31 39
50x42: 36 41 40 32 35 40
48x44: 36 49 36 35 36 31
43x47: 38 47 66 45 60 53
44x39: 40 61 34 49 33 53
39x49: 40 49 45 60 46 56
49x41: 34 33 26 40 38 37
37x38: 29 24 13 22 37 19
49x46: 31 47 39 32 48 42
35x38: 20 26 20 25 20 20
48x38: 29 34 35 29 34 31
49x50: 52 61 69 57 72 65
50x50: 65 73 61 76 51 63
46x40: 52 47 52 45 41 46
41x39: 25 35 29 25 27 28
36x49: 32 37 27 31 26 39
50x42: 50 70 56 67 42 45
48x48: 66 63 46 66 60 56
40x46: 52 52 49 42 38 51
40x38: 19 31 36 26 20 24
37x42: 37 47 41 43 36 38
45x41: 52 50 44 55 38 47
49x46: 41 37 47 44 29 42
39x38: 32 42 40 43 38 35
50x50: 38 42 49 45 36 45
43x46: 27 44 35 34 37 32
36x47: 35 19 25 29 37 34
41x42: 36 20 30 38 28 30
39x37: 40 38 33 32 44 35
45x36: 42 41 31 31 58 45
41x48: 47 51 53 57 45 51
36x43: 35 36 37 50 46 35
48x36: 33 38 25 33 35 28
45x40: 48 54 50 43 46 38
35x40: 24 39 47 33 42 31
44x36: 42 34 43 39 40 44
50x38: 31 35 31 31 33 30
37x38: 18 30 24 25 20 26
46x45: 35 33 39 38 39 40
45x38: 38 52 48 33 51 42
43x48: 43 31 34 39 44 32
47x46: 63 61 54 52 50 54
48x44: 41 31 35 40 40 36
45x43: 50 44 45 54 52 52
38x44: 54 39 41 33 40 48
41x37: 42 44 38 32 38 40
39x39: 24 24 34 24 27 36
50x38: 24 37 32 25 34 39
43x47: 54 60 50 56 49 45
44x44: 49 49 36 57 63 45
46x50: 37 39 37 43 52 32
40x43: 40 38 45 51 42 48
44x46: 39 36 31 28 38 38
42x48: 41 35 38 39 31 40
36x44: 42 37 44 33 45 41
41x38: 22 20 23 31 26 34
46x36: 25 24 33 33 24 41
47x43: 48 48 56 51 49 58
36x41: 34 38 38 36 34 47
46x36: 30 25 33 39 30 23
41x37: 23 24 30 17 30 32
42x42: 29 43 27 36 34 27
48x37: 50 43 48 48 39 45
45x40: 35 33 57 42 53 53
35x35: 19 19 20 28 21 14
36x40: 28 19 23 26 26 33
46x36: 33 32 23 26 30 35
47x47: 57 65 51 59 55 56
37x35: 25 19 25 22 18 23
35x39: 35 43 23 45 28 40
49x35: 32 28 29 28 36 22
50x47: 66 56 59 62 59 59
47x38: 24 42 27 42 21 24
49x38: 35 49 49 53 54 48
36x47: 28 43 23 30 29 26
42x45: 37 30 35 31 34 42
45x40: 40 24 36 30 36 29
40x35: 22 31 17 23 21 29
37x36: 40 39 34 30 30 33
49x39: 51 48 51 49 50 45
50x43: 52 63 54 60 51 54
43x46: 42 34 27 33 36 38
45x45: 49 36 36 32 35 36
38x35: 23 21 23 21 21 22
47x42: 52 63 51 32 54 53
40x39: 29 31 23 28 24 33
50x46: 35 37 34 49 49 36
50x39: 39 30 25 38 31 44
40x39: 25 31 24 27 35 27
38x44: 27 26 32 24 27 31
47x44: 56 51 47 40 61 61
37x41: 31 25 30 24 20 25
50x41: 35 35 26 44 37 31
47x40: 56 59 53 44 46 34
47x47: 40 40 38 36 38 33
41x38: 20 28 26 26 23 33
45x41: 45 41 51 46 45 54
43x35: 21 28 30 24 25 26
37x42: 38 32 42 38 42 45
35x42: 34 44 33 44 35 39
46x42: 46 30 29 32 30 43
50x46: 38 37 34 45 38 48
46x42: 34 35 46 36 23 36
40x50: 35 24 32 44 43 29
48x47: 40 40 45 34 44 37
39x44: 50 45 44 48 39 39
38x46: 32 52 46 49 56 37
48x42: 53 62 44 57 43 55
46x48: 55 57 57 48 58 64
39x45: 42 48 38 50 42 52
45x49: 37 43 45 43 31 41
50x41: 28 31 39 35 36 38
36x39: 39 24 45 29 40 35
46x44: 56 49 57 46 57 45
46x38: 42 51 42 51 51 35
41x43: 41 31 35 29 18 27
45x40: 44 43 41 50 54 45
40x38: 22 23 29 27 27 27
48x48: 58 61 56 78 56 49
41x50: 43 68 49 45 69 45
45x49: 66 72 46 51 51 57
45x44: 43 49 51 55 53 54
50x37: 50 40 40 63 48 44
44x46: 24 33 30 37 42 43
46x36: 28 35 31 26 34 25
50x47: 58 51 54 59 70 67
39x42: 47 43 35 31 47 48
47x50: 56 69 64 64 49 63
40x47: 46 38 47 59 52 46
44x42: 31 24 38 39 32 32
37x49: 35 22 30 42 36 27
46x44: 33 35 25 31 38 47
36x43: 41 43 36 37 44 38
43x45: 48 55 35 53 55 54
44x39: 31 37 27 37 23 26
37x49: 36 20 31 42 23 40
49x42: 55 48 55 49 50 58
38x45: 31 33 21 32 27 35
41x40: 50 28 47 44 39 41
39x42: 51 30 35 37 52 43
44x45: 47 42 44 61 44 66
41x42: 41 46 39 39 50 50
50x48: 42 47 28 50 46 43
35x44: 21 23 35 21 33 20
43x49: 33 34 44 34 37 41
36x41: 37 36 43 45 38 29
39x37: 33 42 32 32 45 39
41x47: 56 46 37 64 54 41
40x45: 43 41 49 54 38 52
39x37: 28 26 24 24 17 36
48x42: 38 42 27 37 34 45
42x39: 33 35 20 32 33 29
49x39: 31 52 64 42 51 54
47x36: 44 38 47 49 40 42
41x40: 43 46 53 37 40 34
46x47: 63 56 54 49 51 59
50x41: 58 57 49 54 50 49
42x45: 39 36 35 33 39 28
37x48: 51 60 46 41 32 47
49x48: 24 42 55 57 38 40
35x49: 41 44 46 36 46 50
41x49: 36 34 36 43 33 26
47x48: 43 38 26 40 47 45
50x37: 31 20 41 30 41 29
35x38: 24 26 23 23 15 21
47x46: 49 52 53 57 64 57
36x44: 35 33 27 28 23 22
41x36: 32 35 41 33 38 47
38x48: 44 49 57 43 47 41
42x48: 43 49 48 60 55 56
38x40: 41 31 37 46 41 37
50x45: 38 34 44 41 35 47
36x42: 27 30 31 35 16 29
37x43: 37 27 20 29 21 34
37x43: 23 36 27 23 30 29
45x44: 46 51 59 51 53 45
49x41: 35 36 35 30 38 33
39x47: 45 49 57 34 55 41
47x50: 32 44 44 38 40 42
42x44: 22 47 29 34 39 24
44x48: 58 52 60 63 44 49
40x37: 36 33 38 34 50 35
40x49: 32 31 37 40 34 34
40x36: 23 22 28 26 27 29