34: 50 12 | 92 57
42: 9 12 | 124 57
115: 12 106 | 57 91
106: 57 66 | 12 12
71: 39 57 | 27 12
56: 69 57 | 6 12
10: 12 53 | 57 77
46: 3 57 | 122 12
20: 66 75
67: 12 126 | 57 106
78: 57 28 | 12 33
25: 3 12 | 116 57
74: 46 12 | 24 57
103: 12 40 | 57 116
94: 126 57 | 91 12
116: 57 12 | 12 12
60: 57 61 | 12 48
0: 8 11
110: 95 57 | 81 12
55: 75 57 | 106 12
100: 57 41 | 12 27
58: 116 12 | 85 57
61: 92 57 | 75 12
84: 47 12 | 87 57
65: 72 12 | 48 57
5: 55 12 | 77 57
112: 102 57 | 97 12
99: 18 12 | 108 57
39: 57 50 | 12 15
52: 121 12 | 39 57
47: 125 57 | 74 12
31: 57 117 | 12 73
4: 40 57 | 98 12
53: 91 57 | 106 12
124: 84 12 | 23 57
48: 57 126 | 12 116
123: 85 12 | 116 57
26: 57 121 | 12 79
51: 61 57 | 107 12
6: 12 86 | 57 109
122: 66 66
93: 57 68 | 12 110
37: 40 57 | 91 12
44: 57 50 | 12 85
12: "a"
45: 25 57 | 58 12
19: 57 116 | 12 50
33: 57 36 | 12 70
108: 16 12 | 46 57
95: 12 98 | 57 75
82: 85 57
69: 57 41 | 12 118
104: 12 3 | 57 75
35: 122 57 | 91 12
32: 12 53 | 57 16
27: 85 12 | 40 57
40: 66 12 | 12 57
66: 57 | 12
101: 57 88 | 12 103
109: 57 116 | 12 106
80: 57 82 | 12 49
83: 85 57 | 126 12
64: 12 126 | 57 3
30: 12 62 | 57 64
17: 115 57 | 67 12
86: 12 116 | 57 15
15: 12 57
24: 57 75 | 12 126
11: 42 31
118: 12 126 | 57 40
98: 12 57 | 57 12
16: 126 57
89: 57 34 | 12 46
113: 92 12 | 15 57
126: 57 12 | 57 57
68: 12 118 | 57 123
79: 12 15 | 57 75
91: 12 12
96: 83 12 | 107 57
105: 30 12 | 51 57
49: 57 122 | 12 50
29: 57 63 | 12 76
117: 57 119 | 12 78
76: 96 57 | 90 12
114: 12 1 | 57 93
73: 114 12 | 112 57
54: 91 12 | 50 57
8: 42
63: 12 7 | 57 111
102: 57 101 | 12 5
41: 116 12 | 40 57
28: 57 10 | 12 32
121: 91 12 | 116 57
7: 13 57 | 104 12
23: 56 57 | 105 12
59: 12 71 | 57 60
92: 57 57
70: 4 12 | 21 57
57: "b"
119: 57 59 | 12 43
77: 57 85 | 12 50
87: 57 89 | 12 17
85: 57 12
43: 57 26 | 12 45
90: 22 57 | 54 12
50: 66 57 | 57 12
3: 12 57 | 57 57
88: 106 66
107: 12 3 | 57 15
36: 37 12 | 107 57
97: 52 57 | 80 12
13: 122 57 | 106 12
2: 57 65 | 12 120
120: 57 35 | 12 94
14: 2 12 | 99 57
18: 72 12 | 121 57
75: 12 12 | 57 57
1: 57 100 | 12 38
81: 57 106 | 12 75
9: 12 14 | 57 29
111: 35 12 | 113 57
38: 57 20 | 12 19
21: 116 57 | 126 12
22: 57 3 | 12 50
72: 126 12 | 91 57
62: 91 57
125: 24 57 | 44 12