71,31,35,38,58,83,43,67,11,45,32
32,99,27,62,48,64,46,98,14
53,55,27,11,45,93,32,48,98,51,86
97,76,73,34,69,47,16,49,87,92,71,39,31,35,17,38,53,57,83
59,17,58,55,46,27,84,43,67,64,45,93,32,48,98,51,86
89,91,55,62,98,93,51,45,23,85,83,86,43,32,27,64,67,36,61,46,77
46,67,93,48,51
43,67,64,11,89,32,98,51,86,77,85,23,91,99,97,66,76
83,82,27,59,57,17,92,43,35,71,39,67,31
49,87,92,82,71,31,59,17,57,83,55,46,84,43,11
59,17,58,53,57,83,55,36,84,43,67,11,89,45,93,32,48,51,86
39,31,35,59,38,58,53,57,83,55,36,46,27,84,43,67,64,11,89,45,93,32,48
38,57,83,55,67,32,48,62,77
84,43,67,64,89,45,32,48,51,86,85,61,19,99,66
55,19,98,61,23,32,91
84,43,77,48,86,62,89,53,85,57,98,64,36,93,11,58,55,83,51,27,45,46,67
97,76,73,34,16,49,87,92,71,38,58,83,55
61,32,85,27,19,23,48
19,14,97,76,73,34,69,87,82,71,39,59,38,58,53
61,91,19,14,97,66,76,73,69,47,16,49,87,92,82,71,39,31,35,17,38
69,47,92,82,71,39,31,35,59,17,38,58,53,83,36,46,84
55,98,57,67,38,51,11
31,35,59,17,58,53,83,55,36,46,27,43,67,11,89,45,93,48,98
99,92,73,49,51,91,82,97,71,47,34,76,19,61,77,66,87,86,69
14,97,66,34,16,49,92,82,39,31,35,59,17,38,58,57,83
49,35,59,38,46
59,17,38,93,43,83,89,58,86,11,64,84,32,45,57
19,35,97,85,66,77,49,92,34,91,87
48,47,19,62,97,69,91,85,66,89,76,73,45,61,23
85,23,91,19,99,14,97,66,76,73,34,69,49,92,82,39,31,35,59
73,47,49,87,92,35,17,38,53,83,27
97,14,23,47,49
86,62,85,23,91,76,47,87,71
31,84,87,34,82,35,17,55,46,83,39,58,49,27,47,59,57,16,38,53,71
14,97,73,47,39
48,98,51,86,62,77,85,61,91,99,14,97,76,34,69,47,16,87,92
83,17,16,34,53,82,92,38,76,36,73,58,57,47,71,39,87,59,49,31,55,46,69
66,19,73,92,99,34,47,97,71,87,82,35,49,16,31,53,58,76,59,39,38,14,69
61,91,99,14,76,49,87,92,31,59,38
99,82,19,73,51,16,91,76,97,71,77,86,61,62,66,34,87,23,69
76,69,16,35,17,55,46
83,55,31,93,46,38,36,58,59,89,53,27,43,64,67,84,39,11,57,32,71
34,69,47,92,71,36,46,27,84
45,86,61,43,51,84,89,67,85,64,14,93,27,97,32
38,82,31,58,59,83,14,87,39,35,57,71,16,66,17,47,73
19,84,11,91,64,55,98,61,86
45,93,32,98,51,86,77,23,61,91,99,14,76,73,69,47,16
93,32,48,98,51,62,77,85,23,61,19,99,97,66,76,73,34,16,49
46,43,89,93,32,98,86,85,23
93,48,98,51,62,77,85,91,19,99,97,76,34,69,49
17,38,53,39,59,83,71,34,84,92,35,58,87,36,31,27,47,16,46
62,77,85,69,47
83,86,77,93,67,11,32,64,27,84,36,98,62,23,46,55,45,43,91
55,27,84,64,11,89,45,93,32,98,51,86,62,85,19
84,48,27,64,23,45,51,89,85,86,32,43,98,11,93,67,19,62,99,91,36,77,61
53,57,83,55,46,84,43,67,11,89,93,32,48,98,51,86,62,85,23
47,84,59,82,39,46,16,43,27,69,17,71,38,57,92
82,17,53,57,83,46,84,43,93
47,16,49,87,92,82,39,35,17,38,53,83,55,36,27,43,67
16,49,71,59,38,43,64
55,53,71,38,59,66,83,57,34,16,87,76,82,49,97
45,93,48,98,51,86,62,77,23,61,19,97,66,76,73,34,69,47,16
39,31,35,17,38,58,53,57,55,36,46,43,67,11,93,32,48
87,82,71,39,58,53,57,83,55,36,27,84,67,11,89
38,58,83,36,27,84,43,67,48
32,85,58,51,11,84,48,83,36,64,43,27,46,62,98
16,49,87,92,82,39,35,17,38,58,53,57,83,55,36,46,27,43,64
46,53,57,58,43,83,48,89,77,55,62,64,84
83,58,17,35,36,55,69,71,84,38,43,82,16
11,86,77,23,19
67,64,11,45,93,32,48,51,86,62,77,85,23,61,99,14,66,76,73
58,34,59,76,39,69,19,91,17
39,19,61,47,92,87,76,82,59,23,97,69,35,71,17
55,46,48,89,85,27,11,45,58,57,53
38,58,53,57,83,55,36,46,84,43,67,64,11,89,45,32,48,51,86,62,77
61,19,14,97,76,73,34,69,47,49,87,92,82,71,39,31,59,17,38
97,23,51,99,64,93,76,85,66,77,86,98,45,91,73,48,32,19,67
92,82,71,39,31,35,59,38,53,57,83,55,36,46,27,84,67,64,11,89,45
36,46,27,84,43,67,64,11,89,45,93,32,48,98,51,86,77,85,23,61,91,19,99
76,73,34,69,47,16,49,92,82,71,39,31,35,59,58,53,83,36,46
39,66,53,92,76,82,87,59,38,69,47,31,16,71,19,17,14,49,35,73,99,97,58
11,45,93,48,86,61,91,19,99,14,66,34,69
36,46,84,67,64,11,89,45,32,48,98,51,86,62,85,19,99
98,86,85,19,99,73,34,47,16,49,92
93,32,98,85,19,14,73,47,16
19,99,97,76,69,82,17
17,38,59,92,27,71,36,46,82,84,87,31,39
38,53,27,64,45,93,98
87,84,16,46,35,36,67,57,17,38,71,49,92,31,59,82,55
61,66,76,34,16,39,31,59,38
77,61,91,76,73,34,47,92,82,71,39,31,35
83,55,36,46,27,43,67,64,11,45,93,32,48,98,86,62,77,85,23,61,91
62,23,61,91,19,14,66,16,82,71,31
64,11,89,93,51,86,77,61,19,76,34
32,99,86,62,14
76,66,91,16,49,87,35,58,99,38,92
53,32,27,86,57,45,55,93,11,77,51,48,85,43,36,84,98,64,83,46,67,23,89
71,39,31,35,59,17,38,58,53,57,83,55,46,27,84,43,67,64,11,89,45,93,32
57,55,27,84,64,23,61
99,69,91,71,61,49,97,16,39,73,86,82,62
32,64,43,89,38,58,93,71,11,67,36,27,31,17,39
64,82,49,87,27,38,16
16,49,82,39,59,58,83,55,46,27,84,67,64
17,53,57,84,11,89,32,51,62
39,34,99,87,85,69,61,31,16,49,62,92,71
31,35,59,17,38,58,53,57,83,36,46,27,84,43,67,64,11,89,45,93,32,48,98
16,49,87,92,82,71,39,31,35,59,17,38,58,53,57,83,36,46,27,84,43,67,64
14,97,66,76,73,34,47,49,87,92,39,31,35,59,38,58,53,57,83
89,93,98,86,77,61,91,19,14,97,66,76,34,69,47
84,43,67,64,11,89,32,48,98,51,62,77,85,23,61,91,19,99,14,97,66
85,23,19,97,73,34,69,49,87,92,31,35,59
11,89,93,32,48,23,61,91,19,66,76,73,69
55,27,43,64,11,89,93,32,48,98,62,23,61
51,47,69,45,23,91,77,14,89,66,76,85,99
11,89,93,32,86,23,61,91,19,99,14,97,66,34,69
14,97,66,73,34,69,47,16,49,87,92,82,71,39,31,35,59,17,38,58,57
17,38,58,53,83,55,46,27,84,43,11,93,48,86,62
48,91,77,67,83,32,55,46,61,27,36,45,98,86,89,62,11,43,64
84,43,67,93,48,99,14
66,47,77,49,51,23,99,61,93,19,14,48,62
19,14,97,66,34,69,16,49,87,92,82,71,39,31,35,59,17,58,53
14,69,35,38,61,66,34,91,59,87,47,31,17,82,76,92,97
49,48,62,73,92,69,34
86,77,85,23,61,91,19,14,97,76,73,82,39
91,99,14,66,76,73,34,69,47,16,49,87,92,82,39,31,35,59,17,38,58
45,93,32,48,98,51,86,62,23,99,14,97,66,76,73,34,69,47,16
57,55,87,34,46,39,47,49,69,83,16,31,38,35,92,58,36
43,67,89,93,98,77,85,19,99
32,98,86,23,99,97,66,73,69,49,87
66,76,73,69,47,92,39,35,38,53,57,83,36
46,85,77,64,61,48,98,32,43,45,55,67,51,36,86
23,91,19,14,97,66,73,34,69,47,16,49,87,92,82,71,39,31,35,59,17
58,53,36,46,86
84,49,82,47,16,83,55,27,39,17,69,46,58,38,43,53,59
62,85,61,91,19,99,14,76,34,47,16,92,71
27,84,11,89,93,32,77,91,19
11,82,57,87,64,35,27,92,55,53,89,17,43,71,58,38,83
67,64,11,89,93,32,48,98,51,62,77,85,23,61,19,99,14,97,66,76,73
67,64,11,89,45,93,48,98,51,62,77,85,23,61,91,19,99,14,97,66,76
36,27,84,43,67,11,89,93,32,48,51,77,85,61,91,19,99
39,17,58,53,57,83,55,36,67,93,48
89,45,93,32,48,98,86,62,77,85,23,61,91,19,99,14,97,66,76,73,34,69,47
98,73,91,77,93,32,49
89,93,83,45,36,58,55,46,17
17,38,58,53,57,83,55,36,46,27,84,43,67,11,89,45,93,32,48,98,51,86,62
92,62,14,97,86,51,23,71,76,77,69
89,14,91,86,98,99,93,67,97,43,19,61,76,51,23,32,66
39,31,35,38,58,53,46,27,84,67,64,11,89,45,93,32,48
77,69,97,23,61,51,49,34,91,62,92,16,19,14,98,87,99,76,47,66,86,82,73
84,38,27,17,82,83,49,36,67,71,31,55,46,59,35,53,39
35,59,83,46,84,67,64,11,89,45,32,48,51
69,49,87,92,82,71,39,31,35,59,17,38,58,53,83,55,36,46,27,84,43
17,38,57,87,46,83,67,31,36,53,84,11,27,92,35,59,43,89,55,39,58,82,71
98,62,85,61,97,66,82
17,38,58,46,27,84,64,45,98
23,61,91,99,14,97,66,76,73,34,47,49,87,92,82,71,39,31,35,59,17
64,46,43,53,11,35,98,67,84,32,48,17,27,38,83,59,51,45,57,36,55,58,89
73,76,16,48,49,66,34,86,14,93,91,32,47
58,59,55,82,46,35,93
84,43,67,64,11,89,45,93,32,48,98,51,86,62,85,23,91,19,14
45,93,98,51,86,62,23,61,91,19,99,66,73,34,69,47,16
76,53,39,49,82,31,99,66,73,16,14,58,17,57,97,71,47
89,32,86,77,23,91,19,97,66,76,34
89,45,77,19,99,76,47
76,73,34,47,16,49,87,92,82,71,39,35,17,38,58,53,57,83,55,36,46
61,91,19,99,14,97,66,76,73,34,47,49,87,92,82,71,39,31,35,59,38
36,84,38,67,17,46,11,45,32,93,98,27,59,31,48,89,58,43,83
36,84,43,64,11,89,93,32,98,51,86,62,85,23,61,91,99
89,47,51,86,93,99,48
97,86,98,87,66,34,69,14,48,19,99,23,51,91,92
16,49,87,92,82,71,39,31,35,17,38,58,53,57,83,55,36,46,27,84,43,67,64
59,38,58,53,57,83,55,36,27,84,43,67,64,89,45,93,32,48,98,51,86
53,45,58,36,46,11,59,83,32,43,57,64,38,84,93
92,82,71,39,31,35,17,53,83,55,46,27,84,67,45
85,23,61,91,19,14,97,66,76,73,34,69,16,49,87,82,31,35,59
38,58,36,43,11,93,48
47,49,34,66,14,31,97,62,99
35,17,27,55,49,92,31,87,59,58,47,71,36,84,16,46,34,82,38
11,66,85,14,45,64,98,99,62,91,67,86,48,89,76,97,73,32,77,93,51,61,19
73,71,31,59,57
67,64,11,89,45,32,48,62,91,19,14,97,73
27,67,89,93,48,61,91,99,97
61,97,91,92,35,69,16,47,87,19,66,14,77,71,23,31,34,49,73,99,76,85,82
48,11,53,89,38,35,64,57,39,36,17,45,67
92,87,69,39,99,16,35,58,38,14,71
14,76,34,47,49,82,71,39,31,35,38,53,83
46,49,64,39,38,11,53,55,17,31,59
89,11,27,62,45,67,91,77,99,46,14,86,51
51,87,62,23,49,76,66,77,19,98,14,16,73,61,85,34,91,99,32
49,87,92,82,31,35,59,17,38,57,83,55,27,84,43,67,11
99,91,89,86,76,97,32,19,73,85,64,11,23,98,66,34,77,14,61,51,48,45,62
34,49,69,39,16,23,66,97,77,86,73,87,14,85,62,92,71,47,82
66,76,73,69,47,59,36
27,11,89,32,48,86,77,85,23,19,97
45,93,48,98,51,86,62,77,85,23,61,91,19,99,14,97,66,76,73,34,69,47,16
83,71,39,35,55,59,64,67,93,84,11,45,53,27,58,46,38,36,32,17,43
55,36,27,84,67,64,11,45,93,48,98,51,86,77,23,61,91
14,62,49,97,19
82,83,27,64,84,11,67,93,17,43,31
23,34,86,76,69,61,97
31,17,83,55,36,46,27,67,64,93,32
46,45,48,32,86,67,55,51,59